13580912
13547262
13519162
12328228
12051944
12037684
11115008
11599419
11541559
11515251
11331979
11178811
11014160
10967113
7682652
2890251
2086196
13599959
13592435
13586532
13564350
13527213
12788990
13482358
12715472
13487913
13483894
13392943
13454789
12693028
13341943
13383746
12737381
12789016
13296791
12737422
13177812
13177652
13116333
12929343
12981657
12621959
12960919
12930471
12971789
12937936
12919844
12812131
12651491
12651479
12571035
12372253
12128203
12239566
12127854
12212519
12154186
11957252
11685276
11599986
11550359
11532507
11520012
11514530
11508616
11492509
11343439
11337941
11304268
11297190
11216234
11166516
11063201
11085233
11006137
10972150
10879234
10881854
10821631
10800022
10783574
10783287
10776186
10772474
10709712
10692081
10675352
10650684
10634822
10622904
10615042
10578291
10570234
10558163
10476329
9892786
9750160
9714288
9654628
8584532
8435344
8401589
8327173
6880549
6183856
5012481
2069411
2069416
2069405
12419916
11515270
6757172
10150650
8949199
8648756
8648470
8520013
8438814
8438750
8335132
8283110
8283064
7843933
7843468
2847599
6200386
13523137
13506317
13504369
13498253
13475326
13465741
13452978
13458455
13447281
13390000
13393707
13386421
13360635
13348720
13340893
13285480
13175728
13048158
13030135
12692230
12830053
12766543
12745608
12645432
12576336
12582243
12544859
12086464
12135529
12101021
11969663
11821948
11695167
11648046
11606491
11601726
11526395
11496749
11418653
11374325
11273400
11259072
11144501
8747134
9686689
10928877
10894178
10860099
10668332
10831607
10756925
10708262
9687174
10419005
9853888
10398444
10330811
10297088
10077342
8927855
9882252
9842273
9746390
9785938
9696440
9697604
9648090
9553743
9305835
9288990
9096408
9032430
8927712
8671697
8697497
8689914
8616187
8412636
8395581
8355710
8355551
8339521
8341428
7777790
7546901
7380405
6981830
6940854
6634448
6386273
6029088
5279272
5230188
4851229
5037737
4805986
3739217
3603904
3548642
3182512
3169288
3029957
3053073
2645174
2435430
2084825
2063811
2065421
2065602
2067626
2046958
2048016
2071923
2073125
13407612
13392865
13328232
13272065
13170612
12928399
11767453
11524364
11502293
11219406
10789437
10508522
9931885
9443702
7928645
8988838
7277751
8515496
8250986
8048444
7805035
7566454
7537523
6682408
5426817
5265668
5199104
5161288
4833282
4784377
4741690
4725163
4609687
4519767
3332487
3139217
2967922
2769684
2143482
2060235
2040718
1930678
2040881
2041845
2063189
2042120
2063555
2063889
2092912
2064494
2042756
2065305
2043475
2066426
2067330
2067375
2067586
2067958
2068053
2044699
2044950
2068570
2068733
2068773
2068966
2045731
2045791
2086984
2047083
2047149
2071005
2053246
2073453
2073524
2073606
2049836
2073696
2088011
2074311
2075670
2088429
2075917
2052768
2052773
2076849
2053489
2054092
2054162
2089086
2054484
2055206
2079496
2081931
2090885
2097493
2082388
2082393
13588112
13344432
13512300
13488308
13461280
13414851
13393723
13375881
13357318
13132800
13098050
12242258
12746347
11839728
11367290
11287903
11221241
11215583
9696636
11080118
10892898
10786900
10751374
10735356
10684040
10675482
10469566
10600923
10554893
10490386
10465968
10413568
10173817
9673382
9186179
9077833
8784156
8358621
8306440
7410965
6568151
6419038
5254367
4857873
4842495
4812140
4805529
4784822
4581831
4504718
4251697
4234331
2664919
2084911
2093001
2068644
2086723
2045480
2069222
2069216
2045890
2048512
2048762
2049009
2073582
2074039
2050299
2087995
2075382
2078551
2097415
13553409
13544342
13539829
13501733
13431139
13483256
13465655
13447695
13423547
13418322
13417154
13404084
13334480
13386015
13366233
13356792
13344689
13335831
13334594
13315560
13295481
13210067
13284631
13281447
13269456
13260912
13261347
13258703
13257540
13257473
13256052
13251574
13246539
12770708
13231271
13230572
13227686
13227556
13222930
13221126
13210723
13206163
13203598
13163479
13030204
12896009
12963872
12943179
12942689
12889264
12931158
12921063
12899315
12894041
10850382
12770628
12834769
12798851
12722792
12683186
12683985
12578448
12494899
12412224
12399219
12361547
12149766
12308846
12213389
12224183
12121557
12180567
12162886
12140508
12112116
12097787
12086405
11177196
11922008
11871390
11759288
11826099
11745328
11373825
11700443
11675855
11621189
11598317
11588377
11586160
11581153
11576257
11559789
11121299
11120742
10951958
11152250
11255863
11178951
11070148
10931730
10932061
10751955
10791745
10558008
10459673
10315349
9881266
10294417
8378362
9203236
7592501
7463044
6457721
5502479
5003299
4685399
3913369
3103830
12846912
13150368
12617555
13107748
13099309
13043290
13038325
13034497
12979389
13023462
12999665
12995534
12954117
12874752
12909808
12896138
12878165
12873871
12798757
12861813
12844860
12816944
12827569
12823404
12821346
12757774
12617531
6318780
12795382
12789266
12764587
12748457
12762596
12768926
12764071
12747232
12746708
12746916
12745645
12744907
12735759
12730115
12658792
12727596
12709766
11384029
12703686
12687147
12617762
12676754
12677939
12677412
12671830
12658422
12653961
12652776
12627545
12617104
12616394
12557822
12548404
12536523
12536135
12533636
12525397
12522542
12522031
12432372
12428415
12296175
12283769
12282623
12036429
12168241
12105478
11233221
12054194
12031445
12022667
11991875
11952734
11939069
11740086
11909328
11906880
11905899
11896764
11856795
11841723
11754424
11694053
11794226
11793906
11766877
11720248
11706683
11691873
11690925
11647936
11647990
11644543
11614098
11621166
11617959
11611797
11608428
11603780
11601691
11600349
11599694
11598285
11590793
11566190
11540301
13597712
13575735
13578759
13457157
13573788
13444692
13498940
13524831
13499296
13499287
13510389
13504073
13349851
13183453
13490216
13489231
13438622
11107194
13466676
13453423
13448974
13446305
13402848
13439704
13367727
13437733
13428936
13360626
13425613
13417162
13417331
13410946
13400040
13394765
13378422
13387846
13378398
13369940
13365785
13164203
13366196
12756845
13365443
13261166
13358605
13357696
13350905
13350003
13342731
13336041
9703656
13342938
12833279
13231245
13335546
13327830
11713443
13323380
13322017
13118758
13265388
13224412
13227622
13259422
13242462
13223348
13230844
13221755
13229338
13223353
12500555
13223134
13209558
13201280
13118094
11851092
13177913
13164211
12720365
12813080
13145444
12503849
13054301
13042451
12993144
12966138
12902822
12445830
12947665
12908754
12580397
12890036
12875098
12867733
12855297
12268845
12753110
12740746
12672402
12681793
12680572
12671954
12499605
12412023
12639474
12631563
12627412
12619767
12516559
12562664
12137750
12509948
12331020
12483963
12459061
12430196
12374042
12373123
12154411
12246411
12252867
12253155
11780695
12154962
12096368
11851094
12039016
11988257
11946645
11851103
11873773
11849771
11768105
11798833
11713051
11709273
8988571
11599520
11568725
11520097
11343141
11391790
11316961
11332970
11333216
8932779
9258455
11276648
8518696
10462050
8518572
8518671
11271075
11248211
11259466
11259260
10763737
11241452
11168689
11235019
11171794
11197028
11104675
11177515
11104657
13599570
13585747
13585352
13522858
13583895
13583063
13397052
13543089
13522488
13522856
13498764
13488268
13470809
13469184
13430410
13403760
13335291
13369924
12483160
13285556
13281194
13269017
13256189
13221547
12957257
13173510
13171751
13144882
13143728
12483174
13017844
12483199
12811791
12650453
12937753
12930088
12839560
12884310
12836846
12818374
13530039
12985985
12944483
12029040
11241775
11213486
10821649
10807628
10730572
10679674
10615178
10615053
10457651
9383132
9382845
8914413
8636092
6871929
6410572
4532669
4354157
4336685
3994799
3523122
3523296
3523031
3523049
3517351
3517425
2981961
2959544
2586977
2060381
2084887
2062342
865728
2063001
2068600
13368165
13543349
13413673
13438147
13496691
11542977
13539396
13538044
13536714
13536737
13500587
13526229
13533541
13490802
13532923
13530531
13516953
13526789
13526366
13482218
2068757
2046727
2071433
2071581
2048141
2048153
2073300
2088122
2088340
2093391
2078785
2093369
2055397
2055447
2093529
2089764
2056503
13383840
12448075
13605190
13602747
13602193
13502893
13502035
13495877
13368113
13496412
13493015
13454615
13490054
13489506
13476314
11809179
13487796
13480691
13487058
13486578
13484265
13484632
13483207
13482825
13482174
9826444
13479686
13474488
13474577
13473765
13473137
13472459
13469406
